version https://git-lfs.github.com/spec/v1
oid sha256:10436da50cd2ad7a7daf206836f8aee006733d14f32829c7e3cd5183eba70afc
size 3135863
