version https://git-lfs.github.com/spec/v1
oid sha256:78a77075cded6c200768549e749cc7e5b4bb0da2c58f4285a9901e183fc727c7
size 3126971
