version https://git-lfs.github.com/spec/v1
oid sha256:ae9bff6dba2ca006e881f883009d77be366827b3b9e830c4ce2538a5d41ae38c
size 3126677
