version https://git-lfs.github.com/spec/v1
oid sha256:0d04e36246d58937c13fd09e1cf842bd8b0d69dd864940f75c664f68de5009b8
size 396
