version https://git-lfs.github.com/spec/v1
oid sha256:b626ac95748654d5c5a628b7bca57a6a0c7d81c31a7fe5735e9e9f345ea5062e
size 393
