version https://git-lfs.github.com/spec/v1
oid sha256:2b3cf4f5c90ddb1122cd22f54e48654c3063d83b478c740656c5b6d14ce1708d
size 407
