version https://git-lfs.github.com/spec/v1
oid sha256:6e5ffe05bc5889ee7108ffd5a231edaa58f20fc88c13783172bf7c7f95c1dfd7
size 355
