version https://git-lfs.github.com/spec/v1
oid sha256:0e16d1f8f6f62789cf18b759e9ad96c3212c89e39028fbbe3ebc38b2dd82de21
size 384
