version https://git-lfs.github.com/spec/v1
oid sha256:0beee95851b55f2b2670aa713e5eaf145453ac0e4e790721d21607a024f93b3f
size 370
