version https://git-lfs.github.com/spec/v1
oid sha256:2dac6789a73e5b3100532074938f3c983d713045ddcea3244bdd305860d540c8
size 378
