version https://git-lfs.github.com/spec/v1
oid sha256:e105ab506b6d614c4935dc7090230ae3cf560ae7b0e74d744ca46b3e082f16c4
size 375
