version https://git-lfs.github.com/spec/v1
oid sha256:1f8d14f41fd9a33ece3c528542385251b5eedcb51a4f558882409c738747de8b
size 355
