version https://git-lfs.github.com/spec/v1
oid sha256:590b7ed3abd05727231c1c7d5f0757b89a939557acf84372cc76ef280a79981b
size 357
