version https://git-lfs.github.com/spec/v1
oid sha256:c7242c7fce66a397b5abd1f5ff8cc1e2ca842bd924b2b95052516139fae6f333
size 354
