version https://git-lfs.github.com/spec/v1
oid sha256:a7bc440c51bce46805397aead7dc8174765e5e16fb37efac5336dfde798d8472
size 387
