version https://git-lfs.github.com/spec/v1
oid sha256:bad83599dd8575cdfeccc85348cb5f12fe2e07fa4ccc577cb6a3d4c024f1d707
size 3372295
