version https://git-lfs.github.com/spec/v1
oid sha256:06535de887efc81db5a9fd525290d0469170dcea57ffede86c4b93d4a3d1423b
size 3274814
