version https://git-lfs.github.com/spec/v1
oid sha256:86069a6bb37543776b9897bd5cfad90b3b173635699c824532886e9127bcf449
size 3111398
