version https://git-lfs.github.com/spec/v1
oid sha256:d0dac7fcbf90b8eddd691d901b1f666d8633bfe003f846498b8981555a25166d
size 3070088
