version https://git-lfs.github.com/spec/v1
oid sha256:0547cc1459fd54a08cca767c4522a8bf0e7b7f938da607023ec51c7fbbcaa97d
size 394
