version https://git-lfs.github.com/spec/v1
oid sha256:fdb5212af41fbf7197b622c247eaa952e1e07283731ddc52f5eb1179cea4c1ec
size 372
