version https://git-lfs.github.com/spec/v1
oid sha256:d33fe475606330cbd92014ca9e6b52742f065e98d20e020adb50353c87f371e7
size 361
