version https://git-lfs.github.com/spec/v1
oid sha256:16f104a2ef997f10f1bbdaefbe8d6cc3ccff71e55c7eefcad84c20fe1c6bc592
size 3252108
