version https://git-lfs.github.com/spec/v1
oid sha256:6393d6c6550a2dcfff22ad8b42d7715c6d786b5d39ef924a38e87a6b0152493d
size 1587158
