version https://git-lfs.github.com/spec/v1
oid sha256:51ffcb6df3ad35cb02ddf6b4b459ba5a7b524a3ac53a8aa751c84cce69a19628
size 397
