version https://git-lfs.github.com/spec/v1
oid sha256:ae96401d524161ef5adf7fd071952fbf737e3b64a6024dcc06680f5921353d1c
size 378
