version https://git-lfs.github.com/spec/v1
oid sha256:64b9e3523f8f8eecceaee37feea877206ee49b17d3e9f723a5968a056840f7a2
size 349
