version https://git-lfs.github.com/spec/v1
oid sha256:ed551680eb7a093ea016203848265eea7e53221ae0e9784f380a518619c962a9
size 369
