version https://git-lfs.github.com/spec/v1
oid sha256:993f34b090c664e268f836a7625e394227eef98ff5ff6e82aed44152669ca747
size 403
