version https://git-lfs.github.com/spec/v1
oid sha256:9f6ac4e1a1ba60d0b12aa89ac930de04fcc9f84a86237f35469b5e9f6060b0f4
size 396
