version https://git-lfs.github.com/spec/v1
oid sha256:ce916ef5648f2dd022b33931ab7b60ba453f9499279a80153ef67240e1add905
size 376
