version https://git-lfs.github.com/spec/v1
oid sha256:2a50a8f493c67bf0beebfa09f8ff7df043d5b3046a4919a71dc639c8c54f7183
size 393
