version https://git-lfs.github.com/spec/v1
oid sha256:e56e93d3aa350d1f79347c3895a482055f6f6e98300e297ca3d91e3cd51d13c4
size 378
