version https://git-lfs.github.com/spec/v1
oid sha256:70777a35d2620492a943feb7824e6597d5d3463af8b6a8acc0175824b628889c
size 3549450
