version https://git-lfs.github.com/spec/v1
oid sha256:230bbae5b30c8a5fb43f0b2355e47935c836a7b343fb264585ef8f873d7afd50
size 3481315
